$ANSIBLE_VAULT;1.1;AES256
31616630326139393261393162656438313532616636633737336262616134643561633361303530
3262393338626636343234666662353133356534313865320a343662363634343062666536303566
64323464326164363434616236376532636265663631303965636361666336373766333731346563
3363363063313630640a626532376535353230326331616532356439333666633832633832376137
64316634353437636337396132356263633961396132383663363830393530373036386261343438
61323535633563313961333165336233386133656433643865666464386466653563323733366666
64366365373566663134316134376139383331623337323836326331626533313237376562646336
62636631333438353337356163643961353935313233393439666430386634663364343739626530
61396438336666303035303366623965343330393536303365373164643866313334383662316435
30646239323834616562323465643831623763323332376438393838386138353765643135336463
32366663376531616539376164376333613164633831346633373866643137613632653137653236
34643930316330653464326632633935343463616530316162653764663766633332373162643030
32316662636234393731343636623739643534323362393362353663356439626463316538663432
37373964623162386236643535363836613762646136396634303264323533323638303130396638
37633531626233626632313663393361336266613630636461623966643132633062646436343335
64656633373064366431373563663232356436306164333331313636336663363666316433333232
36666238363765393661386431343632346532653562626537346134386431323263303234303864
39623932653034386231666662303830643430376439336639373361623035303563376366326563
39333430323664663561633066613432323733336237633936663837666534343539656231356139
38386461666265316661326339646338633765386131656638363066353935346463656236363262
36356265323134313734303736303862376463323439653838613031343762366339303536366263
38343162626635643536663438663966643062633734373636343862666231306635666136383365
61383163646132346432373533386234363663376165656239373432366361663764656563366231
61646465383831656437356466333434366163346365333066666339303330383837393163636432
63363164346136386666313137386236396638646462393630303230313261663534346633393933
64303034303839316664633361363233653937393462336532343534663632373838653764636633
39386663333039313365636536393030333362613435356363326332633732316432373834306332
34316532326338623232336434366634313934323065303232636437376230353533383732613264
66363930643565306637653330383039663537623636373663323839396638323235656637393230
35393634663330323035363637353730396332323132356436323132636265313632663038313066
62366265326661346537306130393161643438343635386638653433653462393633643763373335
39333437653866383664663537363135353333353430386134363732643334636335393162366438
66313532643030363463313165393335313733313032326363303930393431386439633433373937
39303939336236613466326165326163383464613038306532333266623932353461613738643437
35353861626137313666666134303163633233643432376436643434653761326465336437396530
34663063343538366234346535313363616332393764623464373065656239623534343035356534
30353463303566306661396238643561396239316333323762343134313662306239646364343364
62303066633332353637633466373338613735613535373337646164393235353865336537333764
34373465396362333262333537393831386538376330633033613832626563353837653038313461
61343437333232396135626439316366333837346438396437623638363461636334366539663331
34393038363935326466666563373464326461656266623535323564313864343762353866333835
63383730396161633132303633636239336430663833636136656330396338356536373032316663
32643031303939653863306162323332353631633631323034633138373134316434393734656337
33313934316238653837333031356662646332393830666366633732313765363634656662343336
38663235363836376265656362353364383832363039643836623964343531316633316266363233
30313234316430656262383564633530373566653731623736646137626431633333323535363564
36323538386135646636613836666165313463653033323764356434346630626137623330613561
66353638623662393135636230356463363130363964373563343861386661363633643133353637
39643430633461363466646130653130333766383434643736353834646133373365653462386239
65366233336430643331383830373064323833623231313136616337313037653334623337663630
66663438613639346664336130623237653634623038336665346337396535613166316534343332
36363064326461636265616536376363643165353966656634643035356337623065663432363462
32316339343032663931303564663561363763383436303766646133613332663863616661643765
34396561396663366633363663623361623537656432346466633732376231333438656335633539
32633939663931396266626561643863656230613436363232356133366666373564366233306132
33383638386461636664313237303134663333623339303462666438643432323735316666636433
34613262303762333735633266333236396232383835636434353466393238383530636562333338
62343163643131383461613439386562313464346135626565363865633265353936356330623263
65653561343463363132653434613764313763373935666230336236396465336230336665616363
65333938333163653530373334343366363363326265333938326564323432306138613236623534
65323065313135346133393839656137646232303266366136353266323131363631323165313639
39333238353739383539326339343061346131623739393861323962653237353832633861363261
63383063393236616331626436363338346264303133613933613163323432623839656465396132
64313863643130343137386561613761623731336532303063386661613463646132623039616166
32356636396438326535633730306136666636393962373061633866653633313262663138336364
33323935343238373530623237303235343266666161623762363638303630643363613733623135
64373737613166306531373334643265663839313730356138663664323632373139396534616630
33353034303237306263393065626463663137613838626563363535336433386263323366353563
37623431303361323034643332306262656437643639313163383835303763373133636361326665
65376434323266613536313366303331343764623262353838326537316430353734633366383932
33656237623436393863393161613966383662323863643266353533386166616630376365336531
31666238323365336235663833346232646162646261323161333539663438643038613031393331
61666462373464376562373138306165383437366565393338656332346265396463363361313339
62346435333764633163333832323538623431613763356662346135653361643764343637353137
32376565646163306164323136613164396461643136386231626130616637373164656438396133
66653139353531343832346135613562353865623236613237353431346263633566663966313835
65393432623066616331303135636336623134343138343631333961386364613332643065386465
63356261353235346437323333616238313932393030393539326338326165613766336266633938
31363838356262393335663335646163343061353761363662303161643061393731663837383361
34336564303030366433363732613765383632336639343234343337313537653163373866363730
63613234653561663036343961613238363039636366656561633635633362363130636265613034
34323337363531616134623561343161653165326665353564633037373065613734333863623965
31613239666165313433306334306531346133653431333631646366333761333937383131646266
64646438313732383938343062643237306539323638323033323838666332343438366235363337
66653231323731663461613031383661366566613530613862366331646333633631633332306363
63313331653666386637356366356664663434656536626436613664623536313638346432653465
64623635363831323931323138623065643063323961666665316564613263383333316136623432
64323531646632366631626563353330373361383030313930396165383637313739316331653930
65353861346662393335363361336236346164323365333764363661353762313431653532303761
66373835643634613936636634356138333038303862303839323637363530306639353765306365
34383835616334363165363339343463376535633432666365636266633235393939336133656237
38643330343436613032306636633563393432656537363464636139653433623835333262353938
64323335613866353164316536626137396162616139336138363239353164643832633561366133
62336436313232313566666637313339373061653637306639613665306366656661633932323839
63623563363639616231393139376261313638306630636431333236626230623064313831346366
37393566623439343064313437643838633464633032623536356639636238353337373164376634
65643832623839633433313361346331656136343662306163383137643065656363383133646438
30326336353566653934373165643336653330393863333434653661666438366466663965653938
66626561396237346633623237643331333138393466366337383665386666623166356436303939
63336438616437366561303661393766343863313162383636303061323934316466613462653034
65653065333830356638353264626161663034313861616266616539393134616334653536663331
36656561313939323132666265656231303963626632376334383839666136323739366263333732
30666562633838343865643163376362396238323436363831326363343032376237313138393631
61663034626465633431366239653436366330663330326561363465303939313032333833373633
64666437313639623465656438666335363865633563626136373132666431323661396133323661
38643535653166633839333962633461336131303134316536653836623430393163393266616464
33353437303935303261366535623138393036643764353161353439393436616565663938326433
64666138343438306539323230376533633363643431323164643962303433323836386535666233
39623637646364393436343566323939313866313862343265306465353661373766623430386366
61666665636639656533313462306131616139366531343363306439313861623535343636306664
32353666303337643363653030353736346663666638636135366436646633366432373036376464
38343765313539346166313832666563306633343865646531306538643366323839356164373666
64373134353130326339323163376434636561623561316533376562396361666430653939633139
39326566336632646634353863653934393635343934356262343366373234336534353432353261
36366337333730646138303630386435656565626461623636353437663136343666316633333934
62623237636536616135653737303839633465323738303535623264666534346338626666633064
32353730353835633236373030326538373664636266343562353863643734393132303664346337
35356137623635656663356231623261346230393165373738646230323663313433663337646432
38626565346434626665666435656538663962373062663732363832346461383664386364363861
63636162636536356632323261633439343930323337643132643063613237343233616335656664
63633830333261323639323731613939636339636637346661316639623664616330613033316537
32326535306538386561333634663666323532336530636563623435623065663434326364373539
61363266386637333661363036313739626134346138333730363061656462663764333863666263
62626235623431663831396261356366303461386432626662323438663339393930313835356263
39346364643533393338656663386432366539336366333437656632353832633739633237663461
62313539636538353739356666666566646165363863303461636336623237396661656264316466
34623962623939333131656561653234386434303337346432626334643330313566656239303561
61373232336165653164326564306633616564393136393061636638343462366334336636383538
38633262306132636232346537316130616562363538343832323534656234396331633833613661
63333961353966663464323561336630336139343565326437303139313535323737626266353435
35643832353864613336653739306338633936623439623661383736313532613335383835616563
65376237343630383362313837396635613664373966343339376231376464373633616433373238
39363464356162373833623930616339396662343131363263623566393465663563